/*
 * NOMBRE: Jefferson Malte
 * MATERIA: Sistemas Embebidos
 * PROYECTO: 1
 * CODIGO:Señal Flex sensor aco
 * OBJETIVOS:codificarlo en el entorno
de Arduino
  */
#define tam_sig 900
extern int  flex_sensor_aco[tam_sig];
int d;
int dac;
int dac2;
float dac1;
int snr;
int output_signal[tam_sig];
void medio_movil (int *sig_in, int *output_signal, int sig_tam, int filter);

float output[tam_sig];
void mme(int *sig_in, float*output, int sig_tam, float alpha);
void setup() {
  Serial.begin(9600);

}

void loop() {
  mme((int *)&flex_sensor_aco[0],(float *)&output[0],(int) tam_sig,0.5);
   medio_movil((int *)&flex_sensor_aco[0], (int *)&output_signal[0],(int) tam_sig,9);
  for(d=0;d<tam_sig;d++){
    dac=map(flex_sensor_aco[d],0,200,0,255);
    dac2=map(output_signal[d],0,200,0,255);  
    dac1=map(output[d],0,200,0,255);
    snr=map(flex_sensor_aco[d]-output_signal[d],0,950,0,255);
    analogWrite(6,dac);
    analogWrite(5,dac1);
    analogWrite(4,dac2);
    analogWrite(3,snr);
    delay(10);
  }
}
///////////Medio Movil///////////
void medio_movil(int *sig_in, int *output_signal, int sig_tam, int filter){
    int i,j;
  for(i=floor(filter/2);i<sig_tam-floor(filter/2)-1;i++){
    output_signal[i]=0;
    for(j=-floor(filter/2);j<floor(filter/2);j++){
      output_signal[i]=output_signal[i]+sig_in[i+j];
    }
    output_signal[i]=output_signal[i]/filter;
  }
}
///////////////////Promedio Exponencial///////////
void mme(int *sig_in, float*output, int sig_tam, float alpha){
  int i,j;
  output[i]=0;
  for(i=0;i<sig_tam;i++){
  //𝑦(2) =∝ 𝑥2 + 𝑦(𝑛 − 1)(1−∝)
  output[i]=(alpha*sig_in[i])+(1-alpha)*output[i];
  }
  
}

///////////senal//////////////////////int flex_sensor_aco[900]={
79,
80,
77,
79,
79,
78,
79,
78,
80,
76,
77,
77,
77,
77,
77,
79,
80,
77,
77,
77,
78,
77,
77,
77,
78,
78,
79,
78,
79,
78,
79,
79,
82,
78,
78,
77,
79,
78,
79,
78,
78,
80,
80,
80,
78,
77,
78,
80,
77,
77,
78,
76,
80,
79,
79,
79,
79,
79,
80,
79,
80,
81,
79,
81,
82,
82,
80,
78,
80,
81,
80,
80,
80,
80,
79,
81,
79,
79,
79,
78,
77,
78,
78,
79,
79,
79,
79,
81,
79,
79,
80,
80,
80,
81,
80,
79,
82,
81,
82,
80,
80,
81,
80,
91,
94,
106,
113,
133,
145,
160,
166,
176,
178,
183,
181,
182,
181,
181,
183,
182,
183,
185,
185,
185,
184,
184,
183,
181,
183,
183,
182,
183,
184,
183,
182,
182,
181,
180,
183,
182,
182,
182,
181,
181,
182,
183,
181,
180,
181,
181,
181,
181,
183,
181,
182,
181,
181,
182,
181,
180,
179,
181,
180,
180,
180,
179,
181,
180,
181,
180,
180,
180,
180,
180,
180,
179,
179,
179,
178,
180,
179,
181,
180,
179,
178,
178,
178,
177,
177,
177,
176,
176,
177,
176,
175,
179,
175,
177,
177,
177,
177,
177,
177,
175,
173,
142,
104,
80,
79,
79,
78,
78,
78,
77,
79,
76,
77,
76,
77,
75,
77,
76,
77,
76,
73,
76,
75,
76,
76,
76,
77,
77,
77,
77,
77,
77,
76,
76,
77,
77,
76,
76,
76,
77,
78,
75,
76,
76,
77,
76,
76,
76,
76,
76,
76,
76,
78,
76,
77,
78,
77,
78,
77,
79,
77,
77,
77,
77,
77,
75,
75,
75,
76,
75,
75,
76,
75,
75,
75,
75,
76,
76,
78,
76,
76,
79,
80,
76,
76,
76,
76,
76,
76,
76,
76,
76,
74,
77,
74,
74,
75,
77,
76,
74,
77,
76,
76,
81,
93,
104,
120,
136,
147,
160,
169,
176,
177,
176,
176,
172,
174,
174,
172,
173,
173,
173,
172,
171,
174,
173,
174,
173,
173,
173,
172,
170,
171,
172,
172,
170,
171,
169,
169,
169,
167,
169,
169,
168,
168,
167,
167,
167,
165,
166,
168,
166,
163,
165,
165,
164,
165,
166,
164,
165,
165,
166,
166,
167,
164,
165,
165,
167,
165,
165,
165,
165,
164,
164,
164,
165,
165,
164,
167,
165,
165,
165,
165,
164,
165,
165,
165,
166,
167,
166,
166,
166,
167,
165,
164,
164,
163,
163,
164,
155,
116,
74,
73,
74,
71,
73,
73,
73,
73,
73,
73,
74,
74,
74,
73,
75,
75,
74,
74,
75,
74,
74,
74,
73,
73,
73,
72,
69,
72,
69,
71,
70,
73,
72,
72,
73,
73,
73,
74,
71,
74,
72,
74,
72,
75,
74,
74,
74,
74,
74,
74,
73,
72,
72,
72,
72,
72,
73,
72,
73,
73,
72,
72,
70,
74,
74,
73,
74,
74,
74,
74,
74,
77,
76,
72,
75,
74,
73,
73,
73,
72,
72,
72,
74,
73,
73,
72,
70,
72,
73,
73,
73,
73,
73,
74,
74,
75,
75,
76,
75,
76,
75,
79,
89,
101,
112,
119,
133,
144,
147,
151,
157,
166,
171,
171,
171,
172,
173,
172,
173,
172,
172,
172,
172,
174,
171,
171,
172,
168,
169,
166,
165,
164,
163,
163,
163,
163,
164,
164,
164,
164,
165,
164,
164,
165,
166,
164,
163,
165,
163,
164,
161,
162,
162,
163,
160,
162,
162,
162,
161,
161,
161,
161,
160,
160,
160,
159,
160,
159,
160,
160,
160,
160,
159,
159,
161,
160,
159,
159,
161,
161,
159,
159,
159,
159,
157,
158,
157,
158,
158,
160,
158,
159,
159,
160,
158,
158,
157,
157,
155,
156,
156,
146,
119,
90,
76,
77,
76,
76,
74,
74,
73,
73,
73,
71,
74,
73,
70,
72,
73,
73,
72,
72,
72,
73,
73,
72,
75,
74,
74,
73,
74,
76,
74,
76,
74,
73,
74,
74,
74,
74,
73,
73,
74,
72,
73,
72,
73,
71,
72,
73,
74,
71,
72,
71,
74,
73,
73,
74,
72,
74,
73,
74,
72,
74,
74,
74,
74,
76,
75,
73,
74,
74,
74,
76,
74,
73,
73,
73,
75,
74,
72,
70,
73,
72,
72,
74,
72,
74,
75,
74,
73,
73,
74,
74,
76,
78,
75,
74,
76,
76,
74,
75,
74,
75,
74,
74,
73,
72,
74,
80,
95,
103,
116,
140,
155,
160,
167,
171,
175,
176,
177,
177,
178,
177,
177,
177,
176,
176,
175,
175,
174,
173,
174,
173,
173,
171,
172,
171,
173,
171,
172,
172,
172,
172,
171,
172,
172,
174,
173,
172,
172,
170,
171,
171,
170,
169,
170,
171,
170,
169,
169,
168,
170,
169,
169,
170,
170,
171,
171,
171,
171,
172,
171,
172,
172,
171,
171,
171,
171,
170,
169,
170,
169,
169,
170,
169,
170,
168,
170,
169,
168,
170,
169,
170,
169,
168,
169,
168,
168,
169,
167,
168,
165,
162,
145,
114,
81,
74,
74,
73,
73,
73,
73,
72,
72,
73,
73,
70,
73,
73,
73,
73,
74,
74,
74,
74,
75,
75,
75,
74,
75,
74,
77,
74,
73,
74,
74,
73,
73,
75,
72,
73,
70,
71,
72,
71,
72,
73,
72,
74,
73,
73,
73,
74,
74,
74,
73,
74,
73,
74,
75,
74,
75,
75,
74,
74,
73,
72,
72,
72,
71,
70,
71,
72,
74,
72,
72,
73,
73,
74,
74,
74,
74,
74,
74,
77,
74,
76,
76,
76,
74,
73,
76,
74,
74,
};
